Pos	P(stop)	P(match)	P(mismatch)	P(ins)]	P(del)
0	0.000000	0.999993	0.000003	0.000000	0.000003
1	0.004216	0.999980	0.000017	0.000000	0.000003
2	0.004216	0.988223	0.011771	0.000000	0.000007
3	0.004223	0.982798	0.012978	0.001267	0.002957
4	0.004223	0.983056	0.013219	0.001425	0.002300
5	0.004223	0.982131	0.013933	0.001663	0.002273
6	0.004223	0.981306	0.014895	0.001857	0.001941
7	0.004230	0.981967	0.013836	0.002102	0.002095
8	0.004233	0.979385	0.016176	0.002209	0.002229
9	0.004236	0.981249	0.014319	0.002209	0.002223
10	0.004236	0.980394	0.014607	0.002635	0.002364
11	0.004236	0.980736	0.014215	0.002484	0.002565
12	0.004236	0.979040	0.015646	0.002669	0.002645
13	0.004240	0.978668	0.015804	0.002628	0.002900
14	0.004240	0.978406	0.015455	0.003044	0.003094
15	0.004243	0.979140	0.014835	0.003155	0.002870
16	0.004243	0.978443	0.015563	0.003198	0.002796
17	0.004243	0.978617	0.015415	0.003175	0.002793
18	0.004246	0.976465	0.016857	0.003644	0.003034
19	0.004253	0.978285	0.015295	0.003379	0.003041
20	0.004253	0.977605	0.015368	0.003849	0.003178
21	0.004253	0.975476	0.017256	0.004026	0.003242
22	0.004256	0.976227	0.016297	0.003943	0.003534
23	0.004260	0.976240	0.016321	0.003936	0.003503
24	0.004260	0.977387	0.015124	0.003852	0.003638
25	0.004266	0.977165	0.015332	0.004043	0.003460
26	0.004266	0.977189	0.015171	0.004020	0.003621
27	0.004266	0.976156	0.016522	0.003664	0.003658
28	0.004266	0.975837	0.016374	0.003899	0.003889
29	0.004276	0.975207	0.017035	0.004265	0.003493
30	0.004280	0.974955	0.016559	0.004345	0.004141
31	0.004283	0.974855	0.016767	0.004218	0.004161
32	0.004283	0.974761	0.017008	0.003899	0.004332
33	0.004283	0.975800	0.016029	0.003993	0.004177
34	0.004283	0.976125	0.015339	0.004251	0.004285
35	0.004290	0.975887	0.015526	0.004315	0.004271
36	0.004290	0.976129	0.015258	0.004318	0.004295
37	0.004293	0.975461	0.015654	0.004432	0.004452
38	0.004296	0.974858	0.016301	0.004308	0.004533
39	0.004296	0.973175	0.017558	0.004885	0.004382
40	0.004300	0.973895	0.016643	0.005046	0.004416
41	0.004300	0.975015	0.016331	0.004174	0.004479
42	0.004303	0.975230	0.015993	0.004332	0.004446
43	0.004303	0.974915	0.015869	0.004764	0.004452
44	0.004303	0.975572	0.015869	0.004275	0.004285
45	0.004306	0.976054	0.015429	0.004184	0.004332
46	0.004310	0.975709	0.015792	0.004308	0.004191
47	0.004310	0.975163	0.016134	0.004228	0.004476
48	0.004310	0.976105	0.014980	0.004352	0.004563
49	0.004313	0.973305	0.017528	0.004392	0.004774
50	0.004313	0.976155	0.014538	0.004516	0.004791
51	0.004313	0.974831	0.015949	0.004530	0.004691
52	0.004313	0.974981	0.015691	0.004496	0.004831
53	0.004313	0.974482	0.016305	0.004382	0.004831
54	0.004313	0.975816	0.014816	0.004466	0.004902
55	0.004313	0.975541	0.015148	0.004426	0.004885
56	0.004323	0.975960	0.014947	0.004245	0.004848
57	0.004323	0.974726	0.015758	0.004503	0.005012
58	0.004326	0.973717	0.016741	0.004610	0.004932
59	0.004326	0.974512	0.015882	0.004483	0.005123
60	0.004326	0.974937	0.015608	0.004603	0.004852
61	0.004330	0.975440	0.015135	0.004513	0.004912
62	0.004330	0.975618	0.015222	0.004325	0.004835
63	0.004330	0.975095	0.015785	0.004439	0.004681
64	0.004330	0.976349	0.014370	0.004399	0.004882
65	0.004330	0.974388	0.015832	0.004758	0.005023
66	0.004330	0.975025	0.015695	0.004617	0.004664
67	0.004330	0.974857	0.015205	0.004825	0.005113
68	0.004330	0.974709	0.015540	0.004607	0.005143
69	0.004330	0.973308	0.017123	0.004453	0.005116
70	0.004330	0.975652	0.014806	0.004684	0.004858
71	0.004333	0.973737	0.016238	0.004865	0.005160
72	0.004337	0.974723	0.015554	0.004878	0.004845
73	0.004337	0.973962	0.016382	0.004798	0.004858
74	0.004340	0.974699	0.014890	0.005505	0.004905
75	0.004343	0.974008	0.016114	0.004878	0.004999
76	0.004350	0.975641	0.014387	0.005056	0.004915
77	0.004353	0.974296	0.015548	0.005153	0.005003
78	0.004353	0.973428	0.016215	0.005043	0.005314
79	0.004353	0.973301	0.015843	0.004879	0.005978
80	0.004353	0.974695	0.014998	0.004956	0.005351
81	0.004357	0.974353	0.015212	0.005167	0.005267
82	0.004357	0.974444	0.014951	0.005056	0.005549
83	0.004357	0.974233	0.015792	0.004798	0.005177
84	0.004360	0.975265	0.014693	0.004734	0.005308
85	0.004360	0.975611	0.014304	0.004771	0.005314
86	0.004363	0.974665	0.015233	0.004771	0.005331
87	0.004367	0.974474	0.015068	0.005056	0.005402
88	0.004367	0.974038	0.015524	0.004885	0.005553
89	0.004367	0.975335	0.014609	0.004775	0.005281
90	0.004367	0.974480	0.015340	0.004852	0.005328
91	0.004367	0.973713	0.016041	0.004996	0.005251
92	0.004367	0.973434	0.015930	0.005335	0.005301
93	0.004370	0.973253	0.016654	0.004634	0.005459
94	0.004370	0.975419	0.014522	0.004865	0.005194
95	0.004373	0.976288	0.014059	0.004513	0.005140
96	0.004377	0.975171	0.014747	0.004698	0.005385
97	0.004380	0.975224	0.014686	0.004781	0.005308
98	0.004383	0.973384	0.016138	0.004818	0.005660
99	0.004383	0.975379	0.014609	0.004791	0.005221
100	0.004383	0.974778	0.014991	0.004905	0.005325
101	0.004383	0.976136	0.013888	0.004741	0.005234
102	0.004383	0.975694	0.014351	0.005036	0.004919
103	0.004383	0.975114	0.014800	0.005023	0.005063
104	0.004383	0.975345	0.014512	0.005113	0.005030
105	0.004383	0.976193	0.013409	0.005211	0.005187
106	0.004387	0.975788	0.013848	0.005060	0.005305
107	0.004387	0.974715	0.015069	0.004869	0.005348
108	0.004387	0.974456	0.015149	0.004852	0.005543
109	0.004390	0.975288	0.014180	0.005003	0.005529
110	0.004390	0.975134	0.014411	0.004949	0.005506
111	0.004393	0.974986	0.014401	0.005134	0.005479
112	0.004393	0.974027	0.015615	0.005184	0.005174
113	0.004397	0.974094	0.015397	0.005274	0.005234
114	0.004397	0.974366	0.015106	0.005234	0.005295
115	0.004400	0.975026	0.014546	0.005107	0.005321
116	0.004400	0.973990	0.015424	0.005234	0.005352
117	0.004400	0.972920	0.016698	0.005053	0.005328
118	0.004403	0.973903	0.015850	0.005010	0.005238
119	0.004407	0.973946	0.015579	0.005164	0.005311
120	0.004407	0.974560	0.014891	0.005214	0.005335
121	0.004407	0.973614	0.015696	0.005194	0.005496
122	0.004407	0.973604	0.015944	0.004916	0.005536
123	0.004407	0.974372	0.015200	0.004953	0.005476
124	0.004407	0.973118	0.016155	0.005140	0.005586
125	0.004407	0.974181	0.015032	0.005335	0.005452
126	0.004410	0.975435	0.013855	0.005308	0.005402
127	0.004413	0.972769	0.016206	0.005368	0.005657
128	0.004413	0.972595	0.016390	0.005308	0.005707
129	0.004417	0.973862	0.015230	0.005271	0.005637
130	0.004423	0.974848	0.014516	0.005053	0.005583
131	0.004430	0.975555	0.013849	0.005161	0.005436
132	0.004433	0.972111	0.017249	0.005114	0.005526
133	0.004437	0.975042	0.014352	0.005016	0.005590
134	0.004440	0.973982	0.015257	0.005275	0.005486
135	0.004440	0.973298	0.016136	0.004959	0.005607
136	0.004447	0.974676	0.014603	0.005063	0.005657
137	0.004447	0.973640	0.015375	0.005228	0.005758
138	0.004447	0.972953	0.015764	0.005338	0.005945
139	0.004447	0.973248	0.015690	0.005332	0.005731
140	0.004447	0.974193	0.014724	0.005553	0.005530
141	0.004447	0.973727	0.015388	0.005389	0.005496
142	0.004447	0.973231	0.015214	0.005858	0.005697
143	0.004447	0.973996	0.015002	0.005526	0.005476
144	0.004447	0.974150	0.014835	0.005680	0.005335
145	0.004447	0.975330	0.013980	0.005392	0.005298
146	0.004447	0.974499	0.014573	0.005466	0.005462
147	0.004450	0.974227	0.014976	0.005499	0.005298
148	0.004450	0.973415	0.015170	0.005801	0.005613
149	0.004450	0.975089	0.013980	0.005566	0.005365
150	0.004453	0.975421	0.013735	0.005422	0.005422
151	0.004457	0.974840	0.014412	0.005573	0.005174
152	0.004457	0.974730	0.014473	0.005610	0.005188
153	0.004463	0.972647	0.016093	0.005469	0.005791
154	0.004463	0.974850	0.014030	0.005536	0.005583
155	0.004463	0.974404	0.014416	0.005627	0.005553
156	0.004467	0.974934	0.014322	0.005241	0.005503
157	0.004470	0.973643	0.015402	0.005345	0.005610
158	0.004470	0.973955	0.015023	0.005442	0.005580
159	0.004477	0.973995	0.015097	0.005385	0.005523
160	0.004477	0.974652	0.014409	0.005553	0.005385
161	0.004483	0.974042	0.014668	0.005422	0.005868
162	0.004487	0.974427	0.014456	0.005459	0.005657
163	0.004487	0.973468	0.015556	0.005449	0.005526
164	0.004487	0.974115	0.015265	0.005349	0.005272
165	0.004487	0.973327	0.015359	0.005939	0.005375
166	0.004487	0.974454	0.014319	0.005667	0.005560
167	0.004487	0.974025	0.014812	0.005359	0.005805
168	0.004490	0.973736	0.014835	0.005399	0.006029
169	0.004493	0.974071	0.014527	0.005563	0.005838
170	0.004500	0.974319	0.014383	0.005419	0.005879
171	0.004500	0.974987	0.013729	0.005345	0.005939
172	0.004500	0.973813	0.014842	0.005369	0.005976
173	0.004503	0.974178	0.014487	0.005409	0.005926
174	0.004503	0.974574	0.014101	0.005409	0.005915
175	0.004503	0.973441	0.014685	0.005832	0.006043
176	0.004503	0.973867	0.014648	0.005526	0.005959
177	0.004503	0.974859	0.014155	0.005496	0.005490
178	0.004507	0.973810	0.015040	0.005594	0.005557
179	0.004507	0.974748	0.013498	0.005872	0.005882
180	0.004510	0.974447	0.013608	0.005788	0.006157
181	0.004510	0.974390	0.013803	0.005825	0.005983
182	0.004510	0.973719	0.014635	0.005674	0.005973
183	0.004513	0.973048	0.014993	0.006090	0.005869
184	0.004520	0.973628	0.014407	0.005993	0.005973
185	0.004523	0.974745	0.013605	0.005865	0.005785
186	0.004523	0.974061	0.014011	0.005738	0.006191
187	0.004527	0.974101	0.014383	0.005563	0.005953
188	0.004527	0.973759	0.014893	0.005584	0.005765
189	0.004527	0.973095	0.015118	0.005845	0.005942
190	0.004530	0.973869	0.014799	0.005567	0.005765
191	0.004530	0.973755	0.015004	0.005517	0.005724
192	0.004530	0.974275	0.014437	0.005423	0.005865
193	0.004537	0.973430	0.015413	0.005376	0.005782
194	0.004537	0.972970	0.016107	0.005346	0.005577
195	0.004537	0.974959	0.014082	0.005346	0.005614
196	0.004537	0.974335	0.014756	0.005309	0.005600
197	0.004537	0.973691	0.015064	0.005393	0.005852
198	0.004537	0.972672	0.015896	0.005580	0.005852
199	0.004537	0.972397	0.016020	0.005859	0.005725
200	0.004537	0.974614	0.013823	0.005718	0.005845
201	0.004543	0.973507	0.015215	0.005419	0.005859
202	0.004543	0.974144	0.014343	0.005594	0.005919
203	0.004543	0.974211	0.014115	0.005714	0.005959
204	0.004547	0.974221	0.013991	0.005637	0.006150
205	0.004547	0.974456	0.013770	0.005755	0.006020
206	0.004550	0.973299	0.014836	0.005812	0.006053
207	0.004553	0.972859	0.015386	0.005748	0.006006
208	0.004553	0.973969	0.014021	0.005916	0.006094
209	0.004557	0.974154	0.013901	0.005751	0.006194
210	0.004557	0.974512	0.013716	0.005627	0.006144
211	0.004557	0.973909	0.014119	0.005859	0.006114
212	0.004557	0.973654	0.014162	0.005708	0.006476
213	0.004557	0.972856	0.014997	0.005963	0.006184
214	0.004564	0.973657	0.014287	0.006070	0.005986
215	0.004564	0.973580	0.014474	0.005866	0.006080
216	0.004570	0.973818	0.014263	0.005902	0.006016
217	0.004574	0.972580	0.015108	0.006080	0.006231
218	0.004577	0.971423	0.016457	0.005859	0.006261
219	0.004577	0.973784	0.013978	0.005943	0.006295
220	0.004577	0.973717	0.014337	0.005859	0.006087
221	0.004577	0.974388	0.013663	0.005695	0.006255
222	0.004580	0.973318	0.014488	0.005835	0.006359
223	0.004580	0.972516	0.015286	0.005899	0.006298
224	0.004584	0.973348	0.014377	0.005872	0.006402
225	0.004584	0.973563	0.014508	0.005926	0.006003
226	0.004584	0.973647	0.014458	0.005903	0.005993
227	0.004584	0.974129	0.014196	0.005799	0.005876
228	0.004584	0.973217	0.014582	0.006060	0.006141
229	0.004587	0.974247	0.013479	0.006218	0.006057
230	0.004587	0.974297	0.013546	0.006211	0.005946
231	0.004587	0.973636	0.014009	0.005976	0.006379
232	0.004587	0.973093	0.014156	0.006231	0.006520
233	0.004590	0.972845	0.014860	0.006097	0.006198
234	0.004590	0.973495	0.014465	0.006127	0.005913
235	0.004594	0.974320	0.013744	0.006047	0.005889
236	0.004594	0.973435	0.014612	0.005950	0.006003
237	0.004594	0.973606	0.014042	0.006127	0.006225
238	0.004604	0.972419	0.015099	0.006117	0.006365
239	0.004604	0.973304	0.014129	0.006352	0.006215
240	0.004607	0.972958	0.014643	0.006090	0.006308
241	0.004610	0.973720	0.014240	0.006104	0.005936
242	0.004614	0.972579	0.015069	0.006174	0.006178
243	0.004614	0.971248	0.015877	0.006416	0.006459
244	0.004617	0.972468	0.015055	0.006205	0.006272
245	0.004620	0.973005	0.014334	0.006195	0.006466
246	0.004620	0.972981	0.014284	0.006158	0.006577
247	0.004620	0.973646	0.013637	0.006319	0.006399
248	0.004620	0.972998	0.014572	0.006097	0.006332
249	0.004620	0.973609	0.013623	0.006356	0.006413
250	0.004627	0.973287	0.014073	0.006117	0.006523
251	0.004627	0.972327	0.014646	0.006396	0.006631
252	0.004630	0.972616	0.014683	0.006188	0.006513
253	0.004630	0.972995	0.014452	0.005973	0.006580
254	0.004634	0.973726	0.013650	0.006228	0.006396
255	0.004640	0.973256	0.013946	0.006470	0.006329
256	0.004644	0.973907	0.013550	0.006235	0.006309
257	0.004647	0.973071	0.014328	0.006027	0.006574
258	0.004647	0.972035	0.015150	0.006366	0.006450
259	0.004647	0.973108	0.014009	0.006144	0.006738
260	0.004654	0.972521	0.014563	0.006275	0.006641
261	0.004654	0.972286	0.014737	0.006151	0.006825
262	0.004654	0.973021	0.014144	0.006245	0.006591
263	0.004657	0.972622	0.014905	0.006044	0.006430
264	0.004657	0.972726	0.014439	0.006108	0.006728
265	0.004657	0.972457	0.014623	0.006248	0.006671
266	0.004657	0.973591	0.013698	0.006299	0.006413
267	0.004657	0.972893	0.014630	0.006034	0.006443
268	0.004657	0.972571	0.014811	0.006238	0.006379
269	0.004657	0.973162	0.014238	0.006124	0.006476
270	0.004657	0.973430	0.013842	0.006131	0.006597
271	0.004657	0.973611	0.013627	0.006228	0.006534
272	0.004664	0.973651	0.013594	0.006319	0.006436
273	0.004664	0.972836	0.014409	0.006305	0.006450
274	0.004664	0.973839	0.013647	0.006198	0.006316
275	0.004664	0.973695	0.013798	0.006051	0.006456
276	0.004667	0.974050	0.013268	0.006228	0.006453
277	0.004667	0.972477	0.014620	0.006426	0.006477
278	0.004667	0.973155	0.014234	0.006091	0.006520
279	0.004670	0.972682	0.014533	0.006057	0.006728
280	0.004670	0.972957	0.014278	0.006218	0.006547
281	0.004670	0.972202	0.015133	0.006185	0.006480
282	0.004670	0.973158	0.014305	0.006222	0.006316
283	0.004677	0.971702	0.015687	0.006168	0.006443
284	0.004680	0.973738	0.013403	0.006477	0.006383
285	0.004684	0.973204	0.013953	0.006534	0.006309
286	0.004687	0.972788	0.014567	0.006389	0.006255
287	0.004690	0.972151	0.015291	0.006326	0.006232
288	0.004697	0.972812	0.014798	0.006125	0.006265
289	0.004697	0.973576	0.013681	0.006430	0.006312
290	0.004697	0.973358	0.013832	0.006329	0.006480
291	0.004697	0.973194	0.014574	0.005994	0.006239
292	0.004704	0.972771	0.014486	0.006198	0.006544
293	0.004704	0.972946	0.014232	0.006242	0.006581
294	0.004704	0.973774	0.013343	0.006182	0.006702
295	0.004704	0.973036	0.013802	0.006380	0.006782
296	0.004704	0.972161	0.014782	0.006316	0.006742
297	0.004707	0.972573	0.014268	0.006433	0.006725
298	0.004707	0.972956	0.014054	0.006239	0.006752
299	0.004710	0.972862	0.013829	0.006671	0.006638
300	0.004710	0.973264	0.013185	0.006715	0.006836
301	0.004710	0.972865	0.013393	0.007081	0.006661
302	0.004710	0.971859	0.014688	0.006809	0.006645
303	0.004710	0.971607	0.014805	0.006889	0.006698
304	0.004710	0.972711	0.014034	0.006611	0.006645
305	0.004710	0.973147	0.013353	0.006447	0.007054
306	0.004710	0.972419	0.014081	0.006584	0.006916
307	0.004710	0.973073	0.013873	0.006490	0.006564
308	0.004710	0.973281	0.013376	0.006561	0.006782
309	0.004710	0.973127	0.013309	0.006816	0.006749
310	0.004710	0.972627	0.013893	0.006634	0.006846
311	0.004717	0.973448	0.013303	0.006621	0.006628
312	0.004717	0.972905	0.013883	0.006641	0.006571
313	0.004717	0.972737	0.013926	0.006447	0.006889
314	0.004720	0.973700	0.013363	0.006487	0.006450
315	0.004724	0.971560	0.015329	0.006480	0.006631
316	0.004730	0.973009	0.013420	0.006957	0.006614
317	0.004734	0.972137	0.014198	0.006933	0.006732
318	0.004734	0.972318	0.013840	0.007044	0.006799
319	0.004734	0.971056	0.015215	0.006957	0.006772
320	0.004737	0.970533	0.015772	0.006913	0.006782
321	0.004740	0.972180	0.014319	0.006863	0.006638
322	0.004744	0.972176	0.014101	0.006739	0.006984
323	0.004744	0.972237	0.014058	0.006709	0.006997
324	0.004747	0.971737	0.014454	0.006957	0.006853
325	0.004750	0.972247	0.014507	0.006457	0.006789
326	0.004750	0.972200	0.014363	0.006715	0.006722
327	0.004754	0.971821	0.014685	0.006605	0.006890
328	0.004754	0.971586	0.014712	0.006927	0.006776
329	0.004754	0.973149	0.013447	0.006675	0.006729
330	0.004754	0.973367	0.013397	0.006541	0.006695
331	0.004757	0.972807	0.013320	0.006903	0.006970
332	0.004760	0.972428	0.014162	0.006648	0.006762
333	0.004760	0.971612	0.014481	0.006799	0.007108
334	0.004760	0.972213	0.014132	0.006662	0.006994
335	0.004760	0.970586	0.015715	0.006823	0.006876
336	0.004760	0.972827	0.013635	0.006789	0.006749
337	0.004760	0.972038	0.014561	0.006873	0.006527
338	0.004760	0.970965	0.015675	0.006782	0.006578
339	0.004760	0.972122	0.014340	0.006752	0.006786
340	0.004760	0.972736	0.013904	0.006688	0.006672
341	0.004760	0.972743	0.014313	0.006417	0.006527
342	0.004767	0.973310	0.013709	0.006561	0.006420
343	0.004767	0.972454	0.014232	0.006471	0.006843
344	0.004770	0.973397	0.013256	0.006491	0.006856
345	0.004770	0.973678	0.013032	0.006414	0.006876
346	0.004770	0.973571	0.013126	0.006524	0.006779
347	0.004774	0.972374	0.014078	0.006816	0.006732
348	0.004774	0.972930	0.013659	0.006544	0.006866
349	0.004777	0.971914	0.014239	0.006957	0.006890
350	0.004777	0.972883	0.013565	0.006648	0.006903
351	0.004777	0.973024	0.013511	0.006668	0.006796
352	0.004781	0.972055	0.014249	0.006809	0.006887
353	0.004784	0.973507	0.012877	0.006669	0.006947
354	0.004787	0.972024	0.014203	0.006762	0.007011
355	0.004787	0.973037	0.013203	0.006776	0.006984
356	0.004787	0.971618	0.014508	0.006960	0.006913
357	0.004787	0.972440	0.013901	0.006907	0.006752
358	0.004787	0.971571	0.014414	0.007038	0.006977
359	0.004791	0.971971	0.013864	0.006954	0.007212
360	0.004791	0.972769	0.013089	0.007038	0.007105
361	0.004794	0.973121	0.013159	0.006672	0.007048
362	0.004797	0.972091	0.013659	0.006907	0.007343
363	0.004797	0.972162	0.013978	0.006836	0.007024
364	0.004797	0.971360	0.015008	0.006766	0.006867
365	0.004797	0.972873	0.013585	0.006786	0.006756
366	0.004804	0.971564	0.014736	0.006971	0.006729
367	0.004804	0.972584	0.013975	0.006793	0.006649
368	0.004804	0.972457	0.014085	0.006628	0.006830
369	0.004804	0.972379	0.014028	0.006605	0.006987
370	0.004807	0.972799	0.013726	0.006568	0.006907
371	0.004807	0.972460	0.013998	0.006699	0.006843
372	0.004807	0.972124	0.014273	0.006592	0.007011
373	0.004811	0.971437	0.015115	0.006602	0.006846
374	0.004814	0.972064	0.014481	0.006682	0.006773
375	0.004817	0.972560	0.014002	0.006736	0.006702
376	0.004821	0.972389	0.013901	0.006857	0.006853
377	0.004821	0.970155	0.016068	0.007018	0.006759
378	0.004821	0.972486	0.013857	0.006914	0.006743
379	0.004824	0.971916	0.014508	0.006719	0.006857
380	0.004827	0.972070	0.014163	0.006645	0.007122
381	0.004834	0.973781	0.012865	0.006545	0.006810
382	0.004837	0.973388	0.013301	0.006578	0.006733
383	0.004841	0.972704	0.013670	0.006615	0.007011
384	0.004844	0.973059	0.013398	0.006649	0.006894
385	0.004844	0.971385	0.014921	0.006719	0.006974
386	0.004844	0.973341	0.012925	0.007011	0.006723
387	0.004851	0.972794	0.013784	0.006612	0.006810
388	0.004851	0.973015	0.013831	0.006548	0.006605
389	0.004851	0.973270	0.013100	0.006733	0.006897
390	0.004854	0.972817	0.013613	0.006793	0.006776
391	0.004854	0.972908	0.013714	0.006853	0.006525
392	0.004857	0.970721	0.015680	0.006864	0.006736
393	0.004861	0.972713	0.013637	0.006907	0.006743
394	0.004864	0.972589	0.013697	0.007008	0.006706
395	0.004864	0.972891	0.013717	0.006605	0.006786
396	0.004867	0.972529	0.013791	0.006753	0.006927
397	0.004867	0.972257	0.013935	0.006937	0.006870
398	0.004874	0.972867	0.013593	0.006820	0.006719
399	0.004874	0.972434	0.013734	0.006897	0.006934
400	0.004874	0.972981	0.013399	0.006834	0.006787
401	0.004877	0.972267	0.013741	0.007021	0.006971
402	0.004877	0.972488	0.013610	0.007018	0.006884
403	0.004877	0.972548	0.013469	0.006981	0.007001
404	0.004877	0.972267	0.013949	0.006877	0.006907
405	0.004877	0.972455	0.013456	0.007149	0.006941
406	0.004877	0.972263	0.014093	0.006850	0.006793
407	0.004884	0.972619	0.013422	0.006938	0.007021
408	0.004887	0.971887	0.013959	0.007042	0.007112
409	0.004887	0.972250	0.013244	0.007176	0.007330
410	0.004887	0.972682	0.013345	0.006844	0.007129
411	0.004897	0.972263	0.013805	0.007001	0.006931
412	0.004897	0.972162	0.013973	0.006850	0.007015
413	0.004901	0.971689	0.014140	0.007179	0.006991
414	0.004907	0.971964	0.013996	0.006861	0.007179
415	0.004907	0.973225	0.012473	0.007012	0.007290
416	0.004907	0.971652	0.013969	0.007045	0.007334
417	0.004907	0.971145	0.014526	0.006995	0.007334
418	0.004907	0.970206	0.015593	0.006904	0.007297
419	0.004907	0.971823	0.014466	0.006696	0.007015
420	0.004907	0.972155	0.014167	0.006770	0.006908
421	0.004911	0.972410	0.013701	0.007018	0.006871
422	0.004911	0.972470	0.013621	0.006844	0.007065
423	0.004911	0.972380	0.013617	0.006857	0.007146
424	0.004917	0.971823	0.014238	0.006884	0.007055
425	0.004917	0.973124	0.013218	0.006773	0.006884
426	0.004921	0.972655	0.013939	0.006720	0.006686
427	0.004921	0.972946	0.013369	0.006918	0.006767
428	0.004921	0.973118	0.013195	0.006918	0.006770
429	0.004924	0.973326	0.013198	0.007079	0.006398
430	0.004924	0.973483	0.012930	0.006847	0.006740
431	0.004924	0.972826	0.013574	0.006716	0.006884
432	0.004927	0.972436	0.013849	0.006747	0.006968
433	0.004927	0.972282	0.014292	0.006659	0.006767
434	0.004927	0.973091	0.013336	0.006844	0.006730
435	0.004927	0.973745	0.012869	0.006710	0.006676
436	0.004931	0.973064	0.013178	0.006814	0.006945
437	0.004931	0.972436	0.014201	0.006488	0.006874
438	0.004931	0.972406	0.014258	0.006626	0.006710
439	0.004937	0.973322	0.013359	0.006649	0.006670
440	0.004937	0.973634	0.013128	0.006525	0.006713
441	0.004941	0.973536	0.013339	0.006539	0.006586
442	0.004941	0.973318	0.013557	0.006579	0.006545
443	0.004947	0.973251	0.013125	0.006817	0.006807
444	0.004951	0.972879	0.013410	0.006777	0.006935
445	0.004951	0.972382	0.013765	0.006861	0.006992
446	0.004951	0.972278	0.013846	0.006931	0.006945
447	0.004951	0.973174	0.013326	0.006592	0.006908
448	0.004954	0.973123	0.013366	0.006871	0.006639
449	0.004954	0.972912	0.013614	0.006690	0.006784
450	0.004957	0.972781	0.013339	0.006811	0.007069
451	0.004957	0.972254	0.013645	0.006998	0.007102
452	0.004961	0.973224	0.013111	0.006703	0.006962
453	0.004961	0.972415	0.013792	0.006784	0.007009
454	0.004961	0.972019	0.014067	0.006884	0.007029
455	0.004967	0.972415	0.013964	0.006613	0.007009
456	0.004971	0.972251	0.014004	0.006895	0.006851
457	0.004971	0.972160	0.013786	0.006787	0.007267
458	0.004977	0.973126	0.012920	0.006727	0.007227
459	0.004977	0.972304	0.013608	0.006992	0.007096
460	0.004981	0.972036	0.013913	0.007022	0.007029
461	0.004981	0.972324	0.013383	0.007257	0.007036
462	0.004981	0.971938	0.013819	0.007180	0.007062
463	0.004981	0.972009	0.013715	0.007230	0.007046
464	0.004987	0.972703	0.013591	0.006821	0.006885
465	0.004987	0.972522	0.013964	0.006764	0.006750
466	0.004991	0.973391	0.013122	0.006747	0.006740
467	0.004994	0.972297	0.013927	0.006938	0.006838
468	0.004994	0.973072	0.012951	0.006895	0.007083
469	0.004994	0.972794	0.012900	0.007079	0.007227
470	0.004994	0.972679	0.012971	0.007113	0.007237
471	0.004997	0.972062	0.013726	0.007096	0.007116
472	0.005001	0.972790	0.013041	0.006948	0.007220
473	0.005011	0.971974	0.013521	0.007153	0.007351
474	0.005011	0.972156	0.013390	0.006995	0.007459
475	0.005011	0.972042	0.013535	0.007230	0.007193
476	0.005011	0.972639	0.013236	0.006982	0.007143
477	0.005011	0.972317	0.013350	0.007173	0.007160
478	0.005024	0.970676	0.014994	0.007210	0.007120
479	0.005031	0.972101	0.013287	0.007422	0.007190
480	0.005031	0.972457	0.013246	0.007261	0.007036
481	0.005034	0.972849	0.012834	0.007304	0.007012
482	0.005034	0.972326	0.013542	0.007063	0.007069
483	0.005034	0.972034	0.013746	0.007217	0.007002
484	0.005041	0.971940	0.013894	0.007143	0.007023
485	0.005041	0.973020	0.013069	0.007090	0.006821
486	0.005041	0.972286	0.013518	0.007288	0.006908
487	0.005041	0.972708	0.013317	0.007083	0.006892
488	0.005044	0.971843	0.014042	0.007127	0.006989
489	0.005048	0.970916	0.014686	0.007311	0.007086
490	0.005048	0.972614	0.013029	0.007358	0.006999
491	0.005048	0.972104	0.013643	0.007268	0.006986
492	0.005048	0.971782	0.013941	0.007308	0.006969
493	0.005051	0.971285	0.014320	0.007382	0.007013
494	0.005051	0.970994	0.014720	0.007274	0.007013
495	0.005054	0.971883	0.013787	0.007268	0.007063
496	0.005054	0.972074	0.013250	0.007546	0.007130
497	0.005058	0.972111	0.013861	0.007060	0.006969
498	0.005058	0.971956	0.013713	0.007147	0.007184
499	0.005058	0.972312	0.013079	0.007358	0.007251
500	0.005058	0.971685	0.013720	0.007288	0.007308
501	0.005058	0.972252	0.013505	0.007120	0.007123
502	0.005061	0.971486	0.014448	0.007147	0.006919
503	0.005064	0.970842	0.014763	0.007298	0.007097
504	0.005064	0.972516	0.013264	0.007180	0.007039
505	0.005064	0.972620	0.013210	0.007023	0.007147
506	0.005068	0.971711	0.013868	0.007197	0.007224
507	0.005068	0.971446	0.014002	0.006912	0.007640
508	0.005071	0.971932	0.013613	0.006835	0.007620
509	0.005074	0.970932	0.014391	0.006939	0.007737
510	0.005078	0.970963	0.014314	0.006962	0.007761
511	0.005078	0.971952	0.013284	0.007013	0.007751
512	0.005078	0.971053	0.013730	0.007224	0.007993
513	0.005078	0.971452	0.013791	0.007080	0.007677
514	0.005078	0.970724	0.014468	0.007090	0.007717
515	0.005081	0.970630	0.014650	0.007197	0.007523
516	0.005081	0.972180	0.013442	0.007097	0.007281
517	0.005081	0.972882	0.012854	0.007083	0.007181
518	0.005084	0.971597	0.014059	0.007211	0.007134
519	0.005088	0.971664	0.013412	0.007446	0.007479
520	0.005088	0.970422	0.014824	0.007422	0.007332
521	0.005088	0.971496	0.013868	0.007261	0.007375
522	0.005091	0.971982	0.013489	0.007318	0.007211
523	0.005091	0.970445	0.014915	0.007305	0.007335
524	0.005091	0.972244	0.012888	0.007530	0.007338
525	0.005098	0.971596	0.013197	0.007808	0.007399
526	0.005098	0.971412	0.013439	0.007597	0.007553
527	0.005101	0.970814	0.013660	0.007929	0.007597
528	0.005101	0.970948	0.013851	0.007771	0.007429
529	0.005108	0.971670	0.013362	0.007463	0.007506
530	0.005108	0.971606	0.013392	0.007429	0.007573
531	0.005108	0.972411	0.012590	0.007395	0.007604
532	0.005108	0.971301	0.013570	0.007624	0.007506
533	0.005114	0.971925	0.013174	0.007469	0.007432
534	0.005121	0.970146	0.014912	0.007577	0.007365
535	0.005131	0.971756	0.013379	0.007600	0.007265
536	0.005134	0.971743	0.013211	0.007641	0.007406
537	0.005134	0.971592	0.013332	0.007647	0.007429
538	0.005134	0.971166	0.013718	0.007523	0.007594
539	0.005138	0.971749	0.013342	0.007419	0.007490
540	0.005138	0.971739	0.013530	0.007268	0.007463
541	0.005141	0.971984	0.013060	0.007251	0.007704
542	0.005141	0.971833	0.013402	0.007339	0.007426
543	0.005148	0.972088	0.013248	0.007245	0.007419
544	0.005148	0.971776	0.013396	0.007359	0.007470
545	0.005154	0.970360	0.014761	0.007403	0.007476
546	0.005154	0.972172	0.013033	0.007392	0.007403
547	0.005154	0.971571	0.013590	0.007312	0.007527
548	0.005154	0.971635	0.013527	0.007302	0.007537
549	0.005158	0.971111	0.013644	0.007658	0.007587
550	0.005158	0.971893	0.013064	0.007510	0.007533
551	0.005161	0.971641	0.013275	0.007591	0.007493
552	0.005164	0.970108	0.014778	0.007634	0.007480
553	0.005168	0.970947	0.013742	0.007795	0.007517
554	0.005168	0.971500	0.012953	0.007943	0.007604
555	0.005168	0.971561	0.013252	0.007648	0.007540
556	0.005168	0.971799	0.012933	0.007695	0.007574
557	0.005171	0.971611	0.013141	0.007701	0.007547
558	0.005171	0.971383	0.013242	0.007876	0.007500
559	0.005171	0.970909	0.013426	0.008010	0.007654
560	0.005174	0.970960	0.013587	0.007960	0.007493
561	0.005178	0.970450	0.014175	0.007685	0.007691
562	0.005178	0.970913	0.013433	0.007936	0.007718
563	0.005178	0.970698	0.014117	0.007691	0.007493
564	0.005181	0.971443	0.013352	0.007869	0.007336
565	0.005188	0.971255	0.013698	0.007527	0.007520
566	0.005188	0.970832	0.013594	0.007923	0.007651
567	0.005191	0.971187	0.013366	0.007678	0.007769
568	0.005191	0.971597	0.013326	0.007497	0.007581
569	0.005194	0.970788	0.014010	0.007715	0.007487
570	0.005201	0.971519	0.013433	0.007473	0.007574
571	0.005201	0.971328	0.013356	0.007728	0.007587
572	0.005201	0.970482	0.014024	0.007839	0.007655
573	0.005204	0.971355	0.013279	0.008051	0.007316
574	0.005214	0.970643	0.014037	0.007749	0.007571
575	0.005214	0.971190	0.013346	0.007856	0.007608
576	0.005214	0.971344	0.013769	0.007504	0.007383
577	0.005218	0.971606	0.013383	0.007346	0.007665
578	0.005221	0.971106	0.013816	0.007433	0.007645
579	0.005221	0.971458	0.013434	0.007309	0.007799
580	0.005221	0.971680	0.013195	0.007390	0.007735
581	0.005225	0.971690	0.013316	0.007460	0.007534
582	0.005228	0.971941	0.013246	0.007383	0.007430
583	0.005228	0.971327	0.013682	0.007561	0.007430
584	0.005231	0.972035	0.012997	0.007480	0.007487
585	0.005231	0.971827	0.013135	0.007591	0.007447
586	0.005231	0.970609	0.014246	0.007574	0.007571
587	0.005238	0.971072	0.013850	0.007360	0.007719
588	0.005238	0.969787	0.015081	0.007245	0.007886
589	0.005238	0.971921	0.013209	0.007145	0.007725
590	0.005238	0.971122	0.013820	0.007504	0.007554
591	0.005241	0.971616	0.013491	0.007353	0.007541
592	0.005241	0.971441	0.013585	0.007474	0.007501
593	0.005241	0.971542	0.013518	0.007386	0.007554
594	0.005241	0.971501	0.013353	0.007588	0.007558
595	0.005241	0.971931	0.013004	0.007417	0.007648
596	0.005241	0.971928	0.013085	0.007578	0.007410
597	0.005245	0.971642	0.013538	0.007360	0.007460
598	0.005251	0.971421	0.013595	0.007611	0.007373
599	0.005255	0.971229	0.013813	0.007527	0.007430
600	0.005255	0.970649	0.014340	0.007642	0.007370
601	0.005255	0.971357	0.013484	0.007715	0.007444
602	0.005255	0.971803	0.013172	0.007631	0.007393
603	0.005261	0.970202	0.014803	0.007682	0.007313
604	0.005261	0.971632	0.013515	0.007601	0.007252
605	0.005261	0.971175	0.014072	0.007400	0.007353
606	0.005261	0.971021	0.013897	0.007682	0.007400
607	0.005261	0.969705	0.015236	0.007679	0.007380
608	0.005265	0.969534	0.015434	0.007601	0.007430
609	0.005265	0.971461	0.013370	0.007890	0.007279
610	0.005268	0.971387	0.013595	0.007937	0.007081
611	0.005268	0.971081	0.013870	0.007823	0.007226
612	0.005278	0.971453	0.013629	0.007655	0.007263
613	0.005281	0.970467	0.014582	0.007471	0.007481
614	0.005281	0.971111	0.013605	0.007706	0.007578
615	0.005281	0.970906	0.014059	0.007746	0.007289
616	0.005281	0.970990	0.013753	0.007793	0.007464
617	0.005281	0.972450	0.012582	0.007588	0.007380
618	0.005281	0.971943	0.013042	0.007712	0.007303
619	0.005281	0.971111	0.013968	0.007632	0.007289
620	0.005281	0.971856	0.013102	0.007732	0.007310
621	0.005281	0.971453	0.013434	0.007860	0.007252
622	0.005281	0.971165	0.013965	0.007591	0.007279
623	0.005281	0.971004	0.014146	0.007722	0.007128
624	0.005281	0.971044	0.014025	0.007843	0.007088
625	0.005285	0.972225	0.012824	0.007766	0.007185
626	0.005285	0.971410	0.013246	0.008253	0.007091
627	0.005288	0.970836	0.013955	0.008145	0.007065
628	0.005291	0.971527	0.013119	0.008075	0.007279
629	0.005291	0.971456	0.013005	0.008135	0.007404
630	0.005291	0.970721	0.013602	0.007944	0.007732
631	0.005291	0.971621	0.013129	0.007709	0.007541
632	0.005295	0.971184	0.013220	0.008018	0.007578
633	0.005295	0.971295	0.013173	0.007907	0.007625
634	0.005295	0.970735	0.013958	0.007692	0.007615
635	0.005295	0.971537	0.013280	0.007655	0.007528
636	0.005298	0.971550	0.013287	0.007491	0.007672
637	0.005298	0.970241	0.014606	0.007528	0.007625
638	0.005301	0.970980	0.013586	0.007733	0.007702
639	0.005301	0.971110	0.013388	0.007605	0.007897
640	0.005305	0.972292	0.012273	0.007635	0.007800
641	0.005305	0.971912	0.012663	0.007632	0.007793
642	0.005308	0.971302	0.013485	0.007645	0.007568
643	0.005311	0.970593	0.014153	0.007655	0.007598
644	0.005311	0.972020	0.013076	0.007296	0.007608
645	0.005311	0.971946	0.013029	0.007471	0.007555
646	0.005315	0.971832	0.012972	0.007716	0.007481
647	0.005318	0.971785	0.013062	0.007622	0.007531
648	0.005325	0.971274	0.013361	0.007941	0.007424
649	0.005328	0.971331	0.013240	0.007783	0.007645
650	0.005328	0.971355	0.013767	0.007468	0.007411
651	0.005331	0.970579	0.014207	0.007421	0.007793
652	0.005335	0.971985	0.013291	0.007364	0.007360
653	0.005335	0.970700	0.014016	0.007662	0.007622
654	0.005335	0.972277	0.013073	0.007461	0.007189
655	0.005335	0.972499	0.012586	0.007679	0.007236
656	0.005338	0.969794	0.015080	0.007948	0.007179
657	0.005341	0.971368	0.013361	0.007860	0.007411
658	0.005348	0.970783	0.013962	0.007773	0.007481
659	0.005348	0.971441	0.013368	0.007602	0.007589
660	0.005355	0.971126	0.013640	0.007545	0.007689
661	0.005358	0.969763	0.015077	0.007491	0.007669
662	0.005361	0.971709	0.013207	0.007515	0.007569
663	0.005361	0.971686	0.013063	0.007616	0.007636
664	0.005361	0.971495	0.013153	0.007814	0.007538
665	0.005361	0.970736	0.014053	0.007666	0.007545
666	0.005361	0.970941	0.013902	0.007632	0.007525
667	0.005365	0.971612	0.013261	0.007501	0.007626
668	0.005371	0.971353	0.013298	0.007582	0.007767
669	0.005375	0.970209	0.013278	0.007434	0.009079
670	0.005375	0.969813	0.013731	0.007364	0.009092
671	0.005375	0.970645	0.014013	0.007428	0.007914
672	0.005388	0.970729	0.013728	0.007515	0.008029
673	0.005391	0.971390	0.013453	0.007297	0.007861
674	0.005398	0.970654	0.014077	0.007515	0.007753
675	0.005398	0.970701	0.014466	0.007471	0.007361
676	0.005398	0.971004	0.014020	0.007468	0.007508
677	0.005405	0.971188	0.013553	0.007720	0.007539
678	0.005405	0.971057	0.013631	0.007666	0.007646
679	0.005405	0.971107	0.013976	0.007418	0.007498
680	0.005405	0.972655	0.012137	0.007683	0.007525
681	0.005408	0.972470	0.012677	0.007371	0.007482
682	0.005408	0.972158	0.012849	0.007304	0.007690
683	0.005408	0.972188	0.012771	0.007408	0.007633
684	0.005408	0.972866	0.012503	0.007334	0.007297
685	0.005415	0.971547	0.013718	0.007374	0.007361
686	0.005415	0.972101	0.013174	0.007552	0.007173
687	0.005415	0.971208	0.013644	0.007592	0.007556
688	0.005418	0.971191	0.013221	0.007596	0.007992
689	0.005421	0.971245	0.013208	0.007535	0.008012
690	0.005421	0.971140	0.013054	0.007603	0.008203
691	0.005425	0.971469	0.012523	0.007844	0.008163
692	0.005428	0.970972	0.013352	0.007566	0.008109
693	0.005435	0.971667	0.013118	0.007478	0.007737
694	0.005435	0.971110	0.013634	0.007562	0.007693
695	0.005435	0.971392	0.013312	0.007583	0.007713
696	0.005441	0.970452	0.013722	0.007834	0.007992
697	0.005441	0.970965	0.013557	0.007794	0.007683
698	0.005458	0.969703	0.014518	0.007771	0.008009
699	0.005458	0.971294	0.013266	0.007761	0.007680
700	0.005462	0.970750	0.013521	0.007824	0.007905
701	0.005465	0.970277	0.014101	0.007573	0.008049
702	0.005478	0.970427	0.013850	0.007714	0.008009
703	0.005482	0.971317	0.013363	0.007469	0.007851
704	0.005485	0.971488	0.012903	0.007697	0.007912
705	0.005485	0.971464	0.013199	0.007459	0.007878
706	0.005485	0.971588	0.013182	0.007459	0.007771
707	0.005488	0.971222	0.013142	0.007721	0.007915
708	0.005488	0.971662	0.013041	0.007459	0.007838
709	0.005488	0.971320	0.013293	0.007576	0.007811
710	0.005488	0.970108	0.014243	0.007811	0.007838
711	0.005488	0.970662	0.013951	0.007570	0.007818
712	0.005492	0.971276	0.013313	0.007489	0.007922
713	0.005498	0.971330	0.013014	0.007674	0.007982
714	0.005498	0.970652	0.014048	0.007452	0.007848
715	0.005498	0.970420	0.014072	0.007640	0.007868
716	0.005502	0.971578	0.012981	0.007566	0.007875
717	0.005502	0.971131	0.013347	0.007811	0.007711
718	0.005502	0.971373	0.013102	0.007791	0.007734
719	0.005502	0.970950	0.013384	0.007865	0.007801
720	0.005505	0.971638	0.012860	0.007697	0.007805
721	0.005505	0.971336	0.013226	0.007479	0.007959
722	0.005505	0.970215	0.014434	0.007543	0.007808
723	0.005512	0.971195	0.013401	0.007660	0.007744
724	0.005512	0.971309	0.013411	0.007539	0.007741
725	0.005515	0.971873	0.012904	0.007516	0.007707
726	0.005518	0.969684	0.015260	0.007429	0.007627
727	0.005518	0.971373	0.013216	0.007573	0.007838
728	0.005518	0.971292	0.013354	0.007456	0.007899
729	0.005518	0.971255	0.013169	0.007415	0.008161
730	0.005518	0.971302	0.012884	0.007405	0.008409
731	0.005525	0.971020	0.012911	0.007717	0.008352
732	0.005525	0.971285	0.012649	0.007570	0.008496
733	0.005525	0.970839	0.013216	0.007744	0.008201
734	0.005532	0.971832	0.012837	0.007429	0.007902
735	0.005532	0.971470	0.012978	0.007462	0.008090
736	0.005532	0.970872	0.013216	0.007754	0.008157
737	0.005532	0.971020	0.013283	0.007711	0.007986
738	0.005538	0.971328	0.013035	0.007704	0.007932
739	0.005538	0.972087	0.012179	0.007664	0.008070
740	0.005538	0.971389	0.012928	0.007567	0.008117
741	0.005538	0.970429	0.013894	0.007469	0.008208
742	0.005542	0.970116	0.014039	0.007634	0.008211
743	0.005545	0.971080	0.013414	0.007687	0.007818
744	0.005545	0.970593	0.013589	0.007781	0.008037
745	0.005548	0.969851	0.014475	0.007711	0.007963
746	0.005548	0.970640	0.013519	0.007808	0.008033
747	0.005548	0.970093	0.013952	0.007647	0.008308
748	0.005548	0.970006	0.014385	0.007328	0.008282
749	0.005558	0.970005	0.014046	0.007839	0.008111
750	0.005562	0.971002	0.013129	0.007802	0.008067
751	0.005565	0.971449	0.012878	0.007385	0.008288
752	0.005565	0.971576	0.012894	0.007500	0.008030
753	0.005565	0.971019	0.013492	0.007483	0.008006
754	0.005568	0.970854	0.013381	0.008043	0.007721
755	0.005572	0.971650	0.012733	0.007882	0.007735
756	0.005578	0.969360	0.014973	0.007906	0.007762
757	0.005588	0.971565	0.012885	0.007691	0.007859
758	0.005588	0.969907	0.014718	0.007825	0.007550
759	0.005588	0.971068	0.013512	0.007654	0.007765
760	0.005588	0.970820	0.013465	0.007829	0.007886
761	0.005588	0.970035	0.014321	0.007886	0.007758
762	0.005588	0.970904	0.013321	0.008003	0.007772
763	0.005588	0.970924	0.013449	0.007705	0.007923
764	0.005588	0.971364	0.013093	0.007570	0.007973
765	0.005592	0.970081	0.014103	0.007711	0.008104
766	0.005592	0.970447	0.013620	0.007859	0.008074
767	0.005592	0.970655	0.013422	0.007748	0.008175
768	0.005592	0.969289	0.013573	0.008906	0.008232
769	0.005592	0.970115	0.012740	0.009037	0.008107
770	0.005595	0.969870	0.014117	0.007940	0.008074
771	0.005598	0.969705	0.012713	0.009380	0.008201
772	0.005605	0.970924	0.013039	0.008054	0.007983
773	0.005605	0.970303	0.013412	0.008141	0.008144
774	0.005605	0.971011	0.012841	0.007993	0.008155
775	0.005615	0.970054	0.013103	0.008218	0.008625
776	0.005618	0.970107	0.013194	0.008289	0.008410
777	0.005622	0.969147	0.013963	0.008276	0.008615
778	0.005635	0.969546	0.013409	0.008541	0.008504
779	0.005635	0.969976	0.012751	0.008937	0.008336
780	0.005635	0.969701	0.013157	0.008746	0.008397
781	0.005642	0.969986	0.012949	0.008826	0.008239
782	0.005645	0.969999	0.013073	0.008836	0.008091
783	0.005645	0.970486	0.012889	0.008601	0.008024
784	0.005655	0.970889	0.012389	0.008702	0.008021
785	0.005655	0.970278	0.012912	0.008692	0.008118
786	0.005655	0.970271	0.012885	0.008941	0.007903
787	0.005655	0.969603	0.013627	0.008632	0.008138
788	0.005662	0.970334	0.012761	0.008806	0.008098
789	0.005665	0.969576	0.013406	0.009075	0.007944
790	0.005669	0.970361	0.012533	0.008887	0.008219
791	0.005672	0.969810	0.013137	0.008863	0.008189
792	0.005672	0.970321	0.012688	0.008867	0.008125
793	0.005682	0.969897	0.013346	0.008699	0.008058
794	0.005689	0.970209	0.012765	0.008964	0.008061
795	0.005695	0.969346	0.013611	0.009035	0.008008
796	0.005702	0.969981	0.013098	0.008840	0.008081
797	0.005702	0.970068	0.013198	0.008602	0.008132
798	0.005702	0.969977	0.013406	0.008622	0.007994
799	0.005702	0.969034	0.014461	0.008505	0.008001
800	0.005702	0.970095	0.013531	0.008374	0.008001
801	0.005705	0.970333	0.013440	0.008249	0.007977
802	0.005709	0.970051	0.013353	0.008454	0.008142
803	0.005709	0.969568	0.013867	0.008501	0.008065
804	0.005712	0.969893	0.013672	0.008259	0.008176
805	0.005712	0.970632	0.013138	0.008065	0.008165
806	0.005722	0.970178	0.013565	0.008082	0.008176
807	0.005722	0.970400	0.013128	0.008095	0.008377
808	0.005722	0.970487	0.013709	0.007840	0.007964
809	0.005722	0.970380	0.013726	0.008102	0.007793
810	0.005722	0.971743	0.012389	0.008055	0.007813
811	0.005722	0.970454	0.013625	0.008088	0.007833
812	0.005725	0.970947	0.013011	0.007981	0.008062
813	0.005735	0.970285	0.013696	0.008169	0.007850
814	0.005739	0.970718	0.013424	0.008068	0.007790
815	0.005749	0.970977	0.013115	0.008092	0.007817
816	0.005752	0.971541	0.012796	0.007820	0.007843
